0.811502 0.251512 0.586377 0.291561 0.067945 0.952165 0.72863 0.042966 0.331511 0.351025 0.407336 0.91187 0.679497 0.136388 0.534694 0.508995 0.026071 0.281249 0.729102 0.601961 0.408917 0.641353 0.559966 0.552053 0.047153 0.25471 0.427591 0.963418 0.393277 0.709587 0.0
0.203532 0.718432 0.449674 0.020995 0.713929 0.783298 0.304435 0.42853 0.19265 0.353345 0.648582 0.56782 0.495054 0.279954 0.288799 0.344876 0.214492 0.579327 0.22679 0.773583 0.550859 0.24852 0.548289 0.688815 0.112618 0.336569 0.720967 0.693559 0.755223 0.88476 2.0
0.174881 0.697121 0.019831 0.820814 0.318777 0.575631 0.856256 0.609093 0.738073 0.43435 0.637207 0.276485 0.635999 0.019372 0.344303 0.298477 0.523272 0.34414 0.120619 0.249004 0.906834 0.278184 0.23982 0.520787 0.738121 0.256031 0.663149 0.501335 0.824263 0.775774 4.0
0.898645 0.723955 0.150337 0.513424 0.0026 0.714222 0.938667 0.149789 0.784522 0.305763 0.269916 0.336998 0.588365 0.792194 0.247006 0.214654 0.095453 0.9111 0.738513 0.223278 0.424583 0.750219 0.990682 0.565748 0.460255 0.661282 0.436204 0.292242 0.188608 0.83321 3.0
0.410011 0.973264 0.346538 0.110441 0.463016 0.78325 0.86991 0.957896 0.143609 0.451325 0.097459 0.52988 0.956669 0.07554 0.708862 0.456546 0.666418 0.273341 0.286426 0.595119 0.845311 0.146448 0.71223 0.730017 0.647385 0.886842 0.855058 0.530355 0.879412 0.472183 0.0
0.451054 0.559472 0.673333 0.387724 0.237522 0.199553 0.574036 0.06196 0.577059 0.501864 0.020487 0.967899 0.88094 0.848087 0.962324 0.589853 0.546348 0.541334 0.638117 0.968648 0.940163 0.685169 0.48798 0.581432 0.428336 0.397767 0.401131 0.625349 0.982555 0.580807 0.0
0.669031 0.394823 0.3482 0.312993 0.011229 0.27887 0.110825 0.945165 0.870501 0.20001 0.97477 0.484283 0.07513 0.344297 0.220956 0.67687 0.989374 0.328743 0.974164 0.361227 0.778807 0.347386 0.235795 0.769327 0.773867 0.289063 0.908692 0.894604 0.865796 0.515724 6.0
0.604815 0.365777 0.656421 0.659184 0.485145 0.414095 0.42533 0.116539 0.893827 0.6884 0.360438 0.211254 0.296116 0.333971 0.904607 0.666791 0.756222 0.081049 0.501659 0.945286 0.948542 0.121865 0.773082 0.78768 0.998393 0.678508 0.376813 0.029038 0.86868 0.35063 6.0
0.434046 0.84894 0.538716 0.811634 0.390044 0.417693 0.939427 0.176125 0.975326 0.794495 0.593786 0.223564 0.597382 0.674086 0.928367 0.267528 0.337283 0.277124 0.697907 0.115071 0.520415 0.692964 0.496893 0.564209 0.873888 0.977023 0.135024 0.429468 0.492448 0.343356 5.0
0.151799 0.837072 0.391926 0.827935 0.914686 0.297437 0.918283 0.241227 0.041875 0.950764 0.04209 0.866225 0.4147 0.19316 0.686786 0.177018 0.165692 0.078098 0.66666 0.901934 0.467474 0.668606 0.054682 0.806355 0.718108 0.031889 0.448714 0.347553 0.256176 0.959764 5.0
0.51563 0.506985 0.735883 0.712147 0.436268 0.177419 0.984297 0.546485 0.102529 0.040887 0.700283 0.475697 0.182757 0.40262 0.327799 0.20095 0.902666 0.63736 0.029495 0.33791 0.70606 0.057787 0.026299 0.712089 0.2713 0.904587 0.591812 0.526904 0.368671 0.544683 1.0
0.639839 0.764761 0.278331 0.677961 0.321694 0.726136 0.586472 0.60673 0.136051 0.970985 0.988618 0.670934 0.155381 0.500059 0.977357 0.792844 0.713777 0.664929 0.573188 0.325455 0.220367 0.169302 0.533809 0.361115 0.293954 0.221418 0.655245 0.614362 0.475756 0.744826 7.0
0.958745 0.163391 0.503983 0.48313 0.509473 0.554211 0.719478 0.682235 0.153555 0.687461 0.918949 0.960158 0.719128 0.227574 0.314529 0.074391 0.826294 0.621151 0.173713 0.901646 0.552311 0.895887 0.176133 0.539057 0.198712 0.577711 0.411737 0.465686 0.91755 0.728051 0.0
0.824452 0.462153 0.857093 0.155166 0.567127 0.993617 0.724231 0.074157 0.594225 0.870598 0.639396 0.952043 0.526763 0.947499 0.789172 0.133632 0.789136 0.160546 0.018233 0.819472 0.705908 0.150378 0.116194 0.747625 0.472361 0.942662 0.255299 0.025918 0.187117 0.124749 3.0
0.288517 0.308466 0.15859 0.462934 0.247299 0.991551 0.019303 0.035624 0.319481 0.951147 0.675863 0.573237 0.655153 0.927743 0.003474 0.718494 0.037431 0.089562 0.120938 0.066548 0.778379 0.838565 0.656061 0.812215 0.890168 0.187105 0.269464 0.431037 0.781179 0.912182 0.0
0.613239 0.301612 0.99419 0.146267 0.176573 0.022482 0.80026 0.136343 0.550034 0.33461 0.867842 0.943922 0.156171 0.676259 0.575257 0.362231 0.274021 0.077958 0.513793 0.802578 0.315047 0.80063 0.294558 0.190841 0.484241 0.12871 0.801213 0.627763 0.375318 0.646491 6.0
0.255625 0.171459 0.582809 0.292914 0.33612 0.457357 0.767479 0.908942 0.580662 0.046697 0.444291 0.573183 0.460865 0.172822 0.271927 0.141674 0.390567 0.351651 0.866545 0.710269 0.192473 0.081455 0.015637 0.02722 0.572064 0.287225 0.517171 0.383375 0.512805 0.229729 8.0
0.85977 0.562695 0.529744 0.25843 0.674284 0.502659 0.330437 0.989866 0.074789 0.954622 0.83799 0.17742 0.99911 0.085354 0.928523 0.049507 0.171153 0.044867 0.803789 0.975139 0.722217 0.264704 0.251125 0.796488 0.47861 0.595888 0.042935 0.427002 0.212506 0.937573 5.0
0.262673 0.912039 0.829921 0.145226 0.912483 0.732319 0.522378 0.758808 0.296766 0.908536 0.491263 0.150424 0.422898 0.879844 0.259671 0.789521 0.280111 0.224976 0.833031 0.122048 0.337249 0.036876 0.72096 0.055246 0.021109 0.953588 0.919224 0.794254 0.911224 0.111187 8.0
0.939952 0.391333 0.1471 0.084409 0.540329 0.479263 0.568246 0.303679 0.112921 0.377099 0.976702 0.233965 0.050757 0.768379 0.38908 0.600359 0.771352 0.21776 0.714179 0.942035 0.758889 0.817176 0.271651 0.010361 0.669596 0.577205 0.363305 0.39994 0.779731 0.212631 0.0
0.196651 0.262556 0.032392 0.1002 0.313148 0.41922 0.257397 0.341522 0.061602 0.323089 0.361207 0.249806 0.630849 0.032676 0.323321 0.833321 0.725476 0.068312 0.010004 0.315387 0.936668 0.806546 0.753791 0.856576 0.066991 0.221257 0.835766 0.464755 0.060642 0.403454 0.0
0.61088 0.779448 0.417359 0.689515 0.824779 0.609628 0.860362 0.084792 0.468205 0.553739 0.372427 0.555602 0.745477 0.14602 0.599848 0.179783 0.936507 0.962914 0.122485 0.937785 0.662316 0.862296 0.681323 0.362001 0.031214 0.615858 0.191532 0.792793 0.390598 0.504053 9.0
0.403998 0.661316 0.297018 0.936868 0.128184 0.087388 0.97592 0.398904 0.048483 0.95771 0.737812 0.136003 0.882581 0.998924 0.339747 0.41296 0.614118 0.988512 0.558939 0.004524 0.722261 0.178266 0.355971 0.871617 0.079319 0.2722 0.330428 0.56926 0.896413 0.086289 6.0
0.325889 0.252727 0.377592 0.501949 0.075697 0.228231 0.310936 0.238715 0.235755 0.983097 0.576252 0.913123 0.74921 0.304306 0.605654 0.724755 0.521185 0.747771 0.181441 0.422369 0.555647 0.274527 0.269733 0.112229 0.815739 0.621339 0.776346 0.449551 0.691869 0.251154 9.0
0.673227 0.23541 0.102777 0.819479 0.335758 0.2713 0.69918 0.886131 0.296334 0.699686 0.083704 0.51398 0.031216 0.61023 0.930028 0.737579 0.467071 0.277758 0.420314 0.010684 0.459453 0.421712 0.177302 0.072589 0.668615 0.336276 0.869971 0.771912 0.190826 0.901402 8.0
0.352515 0.411272 0.346506 0.923835 0.186669 0.01403 0.747579 0.110867 0.204641 0.854512 0.967166 0.80328 0.945552 0.304777 0.506668 0.588127 0.252894 0.554179 0.344955 0.375064 0.048826 0.168333 0.217512 0.089738 0.425621 0.703607 0.258659 0.247225 0.652315 0.267969 1.0
0.734449 0.490018 0.858091 0.442525 0.403066 0.936191 0.947006 0.158186 0.633898 0.196665 0.334073 0.80765 0.963322 0.136314 0.443212 0.74191 0.257326 0.755018 0.577613 0.627969 0.935067 0.506103 0.839439 0.013224 0.232 0.550438 0.457864 0.550961 0.71317 0.774858 8.0
0.220182 0.65539 0.583099 0.691741 0.459073 0.502348 0.370391 0.307458 0.302902 0.428174 0.991818 0.624481 0.221704 0.319477 0.802508 0.639522 0.620281 0.427142 0.104317 0.422966 0.551704 0.161312 0.971501 0.840036 0.197867 0.562981 0.980251 0.567229 0.487254 0.250543 3.0
0.604021 0.905386 0.321527 0.70063 0.977045 0.292371 0.970164 0.681333 0.050701 0.670583 0.806105 0.036008 0.355744 0.800908 0.704128 0.59103 0.019471 0.615983 0.377582 0.476489 0.639149 0.952557 0.051665 0.356103 0.394717 0.481292 0.542929 0.589088 0.983668 0.644216 5.0
0.323367 0.760806 0.64527 0.599155 0.962894 0.096311 0.036884 0.079908 0.225754 0.356 0.987372 0.903466 0.669478 0.220153 0.828697 0.817877 0.247332 0.31112 0.657061 0.298521 0.587691 0.711269 0.27662 0.174152 0.92958 0.13021 0.412036 0.575759 0.600538 0.193952 9.0
0.099373 0.440677 0.874672 0.872702 0.391985 0.475607 0.561054 0.986691 0.550718 0.760235 0.200407 0.825183 0.816457 0.564786 0.736752 0.138779 0.246769 0.081255 0.910205 0.127606 0.689213 0.33891 0.32555 0.513939 0.439775 0.399609 0.978651 0.782439 0.011088 0.548513 4.0
0.965625 0.683678 0.138808 0.501399 0.43523 0.540718 0.136697 0.534196 0.240522 0.653283 0.137525 0.432666 0.324855 0.931375 0.965624 0.642504 0.441655 0.581948 0.650312 0.701931 0.461249 0.424238 0.293839 0.349786 0.634014 0.786067 0.566128 0.529049 0.487916 0.031763 5.0
0.628056 0.175368 0.001767 0.562826 0.792691 0.255876 0.756923 0.838092 0.387876 0.267623 0.2156 0.42634 0.413027 0.475459 0.466079 0.883591 0.160495 0.957928 0.369187 0.992818 0.386122 0.516836 0.185933 0.544197 0.337087 0.197225 0.349475 0.276307 0.224325 0.936324 4.0
0.545036 0.419084 0.742701 0.327059 0.370737 0.094453 0.62029 0.478992 0.470139 0.994618 0.203433 0.614225 0.111556 0.268143 0.686736 0.769563 0.571951 0.545967 0.964064 0.390458 0.872733 0.285778 0.951552 0.747855 0.783573 0.197912 0.02759 0.953288 0.513736 0.539907 2.0
0.373456 0.611202 0.862872 0.941193 0.995595 0.859917 0.803138 0.685669 0.21062 0.192624 0.508092 0.072914 0.677634 0.806695 0.634487 0.548786 0.236842 0.927929 0.048728 0.540205 0.237911 0.894511 0.402684 0.917547 0.835363 0.305385 0.953351 0.546591 0.391319 0.279932 0.0
0.829436 0.56396 0.68471 0.065716 0.470795 0.892568 0.472643 0.56815 0.988524 0.015929 0.094481 0.690579 0.937484 0.19622 0.312151 0.389686 0.248232 0.401512 0.286708 0.723079 0.240045 0.124365 0.488312 0.428599 0.702176 0.621177 0.595271 0.784091 0.138101 0.289169 5.0
0.068709 0.789696 0.319788 0.317038 0.540134 0.072389 0.050719 0.365303 0.32851 0.121793 0.417952 0.039547 0.615777 0.473452 0.489769 0.957231 0.321769 0.924778 0.986216 0.578739 0.068972 0.351841 0.711446 0.196697 0.579768 0.911346 0.192373 0.645103 0.622461 0.957702 8.0
0.793206 0.008482 0.907098 0.193289 0.129373 0.326019 0.933495 0.248923 0.225352 0.158157 0.248715 0.476001 0.487499 0.296801 0.517515 0.136918 0.504193 0.408209 0.0271 0.571404 0.811612 0.638515 0.047475 0.846726 0.591732 0.90472 0.120674 0.933141 0.508623 0.62609 2.0
0.898388 0.96051 0.752642 0.577182 0.863926 0.183477 0.186836 0.736414 0.923788 0.945627 0.133872 0.511096 0.820358 0.394188 0.737404 0.818553 0.268558 0.023454 0.224774 0.068413 0.57714 0.049884 0.437433 0.148928 0.183112 0.398447 0.816326 0.474079 0.280955 0.496258 2.0
0.24616 0.75291 0.642469 0.369024 0.907164 0.03374 0.416898 0.072546 0.470484 0.674579 0.568324 0.658489 0.416244 0.522669 0.188325 0.881261 0.272253 0.992865 0.112794 0.021378 0.06372 0.271711 0.386413 0.728515 0.161875 0.599685 0.039404 0.795792 0.065666 0.509503 3.0
0.347198 0.527707 0.185247 0.5307 0.718956 0.818827 0.48725 0.158756 0.108387 0.114837 0.503871 0.808251 0.579955 0.178527 0.439447 0.724641 0.063355 0.614371 0.041923 0.486867 0.249129 0.91174 0.133971 0.245324 0.742285 0.874708 0.510265 0.563483 0.06693 0.992634 3.0
0.573554 0.823925 0.204412 0.248121 0.106448 0.710355 0.374699 0.342605 0.986516 0.028543 0.566824 0.136799 0.244815 0.791732 0.976497 0.426601 0.723011 0.632755 0.099984 0.866798 0.540442 0.039928 0.417531 0.320894 0.358094 0.881401 0.543318 0.85487 0.044844 0.154876 4.0
0.798029 0.827792 0.966519 0.499584 0.127504 0.830658 0.292993 0.215867 0.64901 0.74219 0.025458 0.389194 0.382188 0.155298 0.086087 0.101832 0.06399 0.00555 0.724481 0.243447 0.5155 0.770612 0.042817 0.102284 0.974659 0.975782 0.893276 0.58888 0.864808 0.240562 1.0
0.15592 0.519926 0.074823 0.091806 0.623635 0.713794 0.500678 0.497671 0.147826 0.60622 0.922466 0.357563 0.114921 0.054263 0.940239 0.725133 0.284435 0.597235 0.110761 0.052421 0.544408 0.250468 0.66801 0.951479 0.6222 0.418454 0.294972 0.916287 0.294283 0.809392 1.0
0.527118 0.891454 0.985889 0.788342 0.305615 0.829409 0.110724 0.037611 0.514559 0.730862 0.654256 0.99558 0.137662 0.882342 0.218776 0.868351 0.376159 0.203478 0.327412 0.376703 0.503776 0.124704 0.558704 0.939475 0.834075 0.499568 0.270436 0.383958 0.242051 0.704725 7.0
0.239263 0.54583 0.359601 0.054853 0.538794 0.845588 0.144324 0.73889 0.161843 0.207645 0.712602 0.476058 0.085164 0.115191 0.31207 0.643899 0.4717 0.854297 0.82867 0.985438 0.70507 0.42073 0.406695 0.225788 0.230088 0.009015 0.21804 0.452018 0.406304 0.838352 5.0
0.640326 0.89913 0.437966 0.45678 0.845986 0.171865 0.1568 0.382963 0.498776 0.300632 0.959953 0.78883 0.241298 0.387083 0.951101 0.012957 0.989262 0.784351 0.030547 0.21954 0.656157 0.706042 0.62098 0.036823 0.58146 0.213135 0.917184 0.822944 0.682681 0.142168 0.0
0.481044 0.690687 0.418304 0.986434 0.441466 0.521751 0.049058 0.401881 0.931916 0.539705 0.113236 0.928281 0.472486 0.863588 0.12287 0.480913 0.034774 0.191311 0.461881 0.529138 0.235207 0.964011 0.344632 0.019868 0.422582 0.702692 0.395687 0.176004 0.11029 0.746248 8.0
0.14933 0.659147 0.503265 0.559645 0.524667 0.544245 0.193151 0.052342 0.229269 0.199303 0.114895 0.730239 0.85184 0.150091 0.254448 0.805952 0.938721 0.741964 0.496998 0.373509 0.750493 0.12302 0.420793 0.860422 0.936016 0.377849 0.105109 0.877557 0.619044 0.224944 4.0
0.683879 0.646572 0.242919 0.008702 0.525309 0.991609 0.716725 0.348661 0.339662 0.002412 0.753524 0.795457 0.050791 0.747262 0.637871 0.145942 0.797233 0.943543 0.111993 0.864175 0.570586 0.551678 0.161586 0.421159 0.87686 0.653287 0.381744 0.993239 0.057861 0.625268 7.0
0.211635 0.058061 0.522375 0.570548 0.545878 0.18239 0.471623 0.604041 0.188904 0.929996 0.527449 0.049447 0.51788 0.259114 0.732607 0.633572 0.714437 0.244344 0.483676 0.727488 0.938739 0.180749 0.691893 0.186502 0.404835 0.855549 0.86894 0.787542 0.514328 0.824766 7.0
0.123393 0.555202 0.193589 0.458003 0.378371 0.017998 0.418924 0.058354 0.71919 0.190872 0.840193 0.198113 0.607924 0.563534 0.497953 0.796522 0.306528 0.262953 0.846183 0.577839 0.337824 0.606438 0.242184 0.351637 0.28702 0.398501 0.888597 0.400339 0.371205 0.699071 2.0
0.161206 0.784845 0.326061 0.470408 0.310749 0.455115 0.306187 0.096945 0.464891 0.235711 0.669651 0.377543 0.296143 0.459065 0.905339 0.757508 0.058368 0.187048 0.141825 0.033732 0.297921 0.807209 0.4697 0.212446 0.800162 0.570372 0.877133 0.757052 0.493856 0.700405 0.0
0.130029 0.001998 0.176096 0.665984 0.745966 0.027523 0.009696 0.746939 0.83591 0.208781 0.156391 0.200024 0.362989 0.15136 0.262264 0.506147 0.873562 0.663612 0.628067 0.849047 0.28154 0.861126 0.489486 0.802403 0.765162 0.004449 0.160133 0.40537 0.443094 0.730335 1.0
0.483105 0.61922 0.830369 0.653768 0.041355 0.675984 0.483485 0.106034 0.385018 0.182976 0.774415 0.646379 0.70905 0.029788 0.405804 0.414663 0.915735 0.273483 0.11819 0.451169 0.320225 0.362405 0.059524 0.392238 0.542522 0.843075 0.75678 0.195673 0.951807 0.617072 3.0
0.946158 0.455501 0.027016 0.471355 0.187981 0.790472 0.873954 0.892753 0.044273 0.604414 0.967148 0.306719 0.761426 0.009232 0.065611 0.161487 0.410983 0.893392 0.852973 0.49098 0.633246 0.085328 0.646159 0.853569 0.681715 0.22177 0.775866 0.350823 0.611424 0.473421 8.0
0.695572 0.851051 0.067673 0.722557 0.37963 0.386008 0.077631 0.867727 0.51803 0.860658 0.537365 0.810132 0.858853 0.572102 0.911499 0.76915 0.142922 0.374566 0.610948 0.587961 0.16138 0.718533 0.171874 0.635721 0.905439 0.615598 0.741343 0.076778 0.620778 0.615647 4.0
0.116802 0.69257 0.397002 0.628492 0.069 0.201773 0.544498 0.021339 0.913825 0.708431 0.101172 0.816709 0.54389 0.042678 0.425748 0.579164 0.26794 0.518256 0.157064 0.967005 0.712748 0.452615 0.825937 0.534029 0.947576 0.459173 0.171065 0.86227 0.923672 0.290962 2.0
0.776758 0.13431 0.041549 0.968856 0.408995 0.140982 0.995446 0.280914 0.491124 0.952289 0.300977 0.147412 0.9766 0.382996 0.957823 0.227297 0.896498 0.578089 0.859672 0.053262 0.038532 0.600691 0.476622 0.248701 0.592807 0.770274 0.952493 0.966234 0.300494 0.361719 4.0
0.480082 0.201784 0.456631 0.382624 0.02721 0.155846 0.357433 0.931096 0.909889 0.480699 0.195014 0.897888 0.759883 0.660412 0.379053 0.877656 0.492713 0.099279 0.047992 0.197059 0.48263 0.019932 0.457295 0.776183 0.438198 0.039251 0.55291 0.814797 0.432276 0.656756 5.0
0.448501 0.953507 0.829991 0.139371 0.673507 0.569479 0.383335 0.501795 0.128674 0.476609 0.964352 0.313452 0.928514 0.703199 0.952808 0.684591 0.481754 0.781653 0.489005 0.194111 0.694179 0.425178 0.163479 0.515065 0.93108 0.268906 0.051886 0.97549 0.590015 0.413136 3.0
0.780303 0.070594 0.244933 0.452129 0.84508 0.885758 0.234228 0.799806 0.881241 0.075102 0.662076 0.77699 0.869043 0.615056 0.712146 0.371218 0.019785 0.169454 0.314591 0.078955 0.789883 0.11801 0.900001 0.018153 0.133144 0.325931 0.281739 0.450283 0.786452 0.102842 3.0
0.935668 0.023748 0.69943 0.056431 0.044908 0.108343 0.421441 0.179309 0.832365 0.58447 0.881397 0.194646 0.193344 0.384675 0.496954 0.789366 0.435429 0.594473 0.410767 0.10062 0.005078 0.035745 0.86584 0.185923 0.772015 0.307171 0.47157 0.092424 0.085891 0.233651 6.0
0.264161 0.16924 0.11478 0.917061 0.259649 0.448601 0.149285 0.394294 0.90556 0.343113 0.833637 0.752028 0.788414 0.642623 0.238862 0.645136 0.15199 0.726169 0.281828 0.395865 0.80676 0.977196 0.869755 0.576382 0.535648 0.908202 0.712975 0.049925 0.687661 0.294235 7.0
